1970100.00 1999800.00 2029500.00 2059200.00 2088900.00 2118600.00 2148300.00 2178000.00 2207700.00 2237400.00 2267100.00 2296800.00 2326500.00 2356200.00 2385900.00 2415600.00 2445300.00 2475000.00 2504700.00 2534400.00 2564100.00 2593800.00 2623500.00 2653200.00 2682900.00 2712600.00 2742300.00 2772000.00 2801700.00 2831400.00 2861100.00 2890800.00 2920500.00 2950200.00 2979900.00 3009600.00 3039300.00 3069000.00 3098700.00 3128400.00 3158100.00 3187800.00 3217500.00 3247200.00 3276900.00 3306600.00 3336300.00 3366000.00 3395700.00 3425400.00 3455100.00 3484800.00 3514500.00 3544200.00 3573900.00 3603600.00 3633300.00 3663000.00 3692700.00 3722400.00 3752100.00 3781800.00 3811500.00 3841200.00 3870900.00 3900600.00 3930300.00 3960000.00 3989700.00 4019400.00 4049100.00 4078800.00 4108500.00 4138200.00 4167900.00 4197600.00 4227300.00 4257000.00 4286700.00 4316400.00 4346100.00 4375800.00 4405500.00 4435200.00 4464900.00 4494600.00 4524300.00 4554000.00 4583700.00 4613400.00 4643100.00 4672800.00 4702500.00 4732200.00 4761900.00 4791600.00 4821300.00 4851000.00 4880700.00 4910400.00 
1999800.00 2030100.00 2060400.00 2090700.00 2121000.00 2151300.00 2181600.00 2211900.00 2242200.00 2272500.00 2302800.00 2333100.00 2363400.00 2393700.00 2424000.00 2454300.00 2484600.00 2514900.00 2545200.00 2575500.00 2605800.00 2636100.00 2666400.00 2696700.00 2727000.00 2757300.00 2787600.00 2817900.00 2848200.00 2878500.00 2908800.00 2939100.00 2969400.00 2999700.00 3030000.00 3060300.00 3090600.00 3120900.00 3151200.00 3181500.00 3211800.00 3242100.00 3272400.00 3302700.00 3333000.00 3363300.00 3393600.00 3423900.00 3454200.00 3484500.00 3514800.00 3545100.00 3575400.00 3605700.00 3636000.00 3666300.00 3696600.00 3726900.00 3757200.00 3787500.00 3817800.00 3848100.00 3878400.00 3908700.00 3939000.00 3969300.00 3999600.00 4029900.00 4060200.00 4090500.00 4120800.00 4151100.00 4181400.00 4211700.00 4242000.00 4272300.00 4302600.00 4332900.00 4363200.00 4393500.00 4423800.00 4454100.00 4484400.00 4514700.00 4545000.00 4575300.00 4605600.00 4635900.00 4666200.00 4696500.00 4726800.00 4757100.00 4787400.00 4817700.00 4848000.00 4878300.00 4908600.00 4938900.00 4969200.00 4999500.00 
2029500.00 2060400.00 2091300.00 2122200.00 2153100.00 2184000.00 2214900.00 2245800.00 2276700.00 2307600.00 2338500.00 2369400.00 2400300.00 2431200.00 2462100.00 2493000.00 2523900.00 2554800.00 2585700.00 2616600.00 2647500.00 2678400.00 2709300.00 2740200.00 2771100.00 2802000.00 2832900.00 2863800.00 2894700.00 2925600.00 2956500.00 2987400.00 3018300.00 3049200.00 3080100.00 3111000.00 3141900.00 3172800.00 3203700.00 3234600.00 3265500.00 3296400.00 3327300.00 3358200.00 3389100.00 3420000.00 3450900.00 3481800.00 3512700.00 3543600.00 3574500.00 3605400.00 3636300.00 3667200.00 3698100.00 3729000.00 3759900.00 3790800.00 3821700.00 3852600.00 3883500.00 3914400.00 3945300.00 3976200.00 4007100.00 4038000.00 4068900.00 4099800.00 4130700.00 4161600.00 4192500.00 4223400.00 4254300.00 4285200.00 4316100.00 4347000.00 4377900.00 4408800.00 4439700.00 4470600.00 4501500.00 4532400.00 4563300.00 4594200.00 4625100.00 4656000.00 4686900.00 4717800.00 4748700.00 4779600.00 4810500.00 4841400.00 4872300.00 4903200.00 4934100.00 4965000.00 4995900.00 5026800.00 5057700.00 5088600.00 
2059200.00 2090700.00 2122200.00 2153700.00 2185200.00 2216700.00 2248200.00 2279700.00 2311200.00 2342700.00 2374200.00 2405700.00 2437200.00 2468700.00 2500200.00 2531700.00 2563200.00 2594700.00 2626200.00 2657700.00 2689200.00 2720700.00 2752200.00 2783700.00 2815200.00 2846700.00 2878200.00 2909700.00 2941200.00 2972700.00 3004200.00 3035700.00 3067200.00 3098700.00 3130200.00 3161700.00 3193200.00 3224700.00 3256200.00 3287700.00 3319200.00 3350700.00 3382200.00 3413700.00 3445200.00 3476700.00 3508200.00 3539700.00 3571200.00 3602700.00 3634200.00 3665700.00 3697200.00 3728700.00 3760200.00 3791700.00 3823200.00 3854700.00 3886200.00 3917700.00 3949200.00 3980700.00 4012200.00 4043700.00 4075200.00 4106700.00 4138200.00 4169700.00 4201200.00 4232700.00 4264200.00 4295700.00 4327200.00 4358700.00 4390200.00 4421700.00 4453200.00 4484700.00 4516200.00 4547700.00 4579200.00 4610700.00 4642200.00 4673700.00 4705200.00 4736700.00 4768200.00 4799700.00 4831200.00 4862700.00 4894200.00 4925700.00 4957200.00 4988700.00 5020200.00 5051700.00 5083200.00 5114700.00 5146200.00 5177700.00 
2088900.00 2121000.00 2153100.00 2185200.00 2217300.00 2249400.00 2281500.00 2313600.00 2345700.00 2377800.00 2409900.00 2442000.00 2474100.00 2506200.00 2538300.00 2570400.00 2602500.00 2634600.00 2666700.00 2698800.00 2730900.00 2763000.00 2795100.00 2827200.00 2859300.00 2891400.00 2923500.00 2955600.00 2987700.00 3019800.00 3051900.00 3084000.00 3116100.00 3148200.00 3180300.00 3212400.00 3244500.00 3276600.00 3308700.00 3340800.00 3372900.00 3405000.00 3437100.00 3469200.00 3501300.00 3533400.00 3565500.00 3597600.00 3629700.00 3661800.00 3693900.00 3726000.00 3758100.00 3790200.00 3822300.00 3854400.00 3886500.00 3918600.00 3950700.00 3982800.00 4014900.00 4047000.00 4079100.00 4111200.00 4143300.00 4175400.00 4207500.00 4239600.00 4271700.00 4303800.00 4335900.00 4368000.00 4400100.00 4432200.00 4464300.00 4496400.00 4528500.00 4560600.00 4592700.00 4624800.00 4656900.00 4689000.00 4721100.00 4753200.00 4785300.00 4817400.00 4849500.00 4881600.00 4913700.00 4945800.00 4977900.00 5010000.00 5042100.00 5074200.00 5106300.00 5138400.00 5170500.00 5202600.00 5234700.00 5266800.00 
2118600.00 2151300.00 2184000.00 2216700.00 2249400.00 2282100.00 2314800.00 2347500.00 2380200.00 2412900.00 2445600.00 2478300.00 2511000.00 2543700.00 2576400.00 2609100.00 2641800.00 2674500.00 2707200.00 2739900.00 2772600.00 2805300.00 2838000.00 2870700.00 2903400.00 2936100.00 2968800.00 3001500.00 3034200.00 3066900.00 3099600.00 3132300.00 3165000.00 3197700.00 3230400.00 3263100.00 3295800.00 3328500.00 3361200.00 3393900.00 3426600.00 3459300.00 3492000.00 3524700.00 3557400.00 3590100.00 3622800.00 3655500.00 3688200.00 3720900.00 3753600.00 3786300.00 3819000.00 3851700.00 3884400.00 3917100.00 3949800.00 3982500.00 4015200.00 4047900.00 4080600.00 4113300.00 4146000.00 4178700.00 4211400.00 4244100.00 4276800.00 4309500.00 4342200.00 4374900.00 4407600.00 4440300.00 4473000.00 4505700.00 4538400.00 4571100.00 4603800.00 4636500.00 4669200.00 4701900.00 4734600.00 4767300.00 4800000.00 4832700.00 4865400.00 4898100.00 4930800.00 4963500.00 4996200.00 5028900.00 5061600.00 5094300.00 5127000.00 5159700.00 5192400.00 5225100.00 5257800.00 5290500.00 5323200.00 5355900.00 
2148300.00 2181600.00 2214900.00 2248200.00 2281500.00 2314800.00 2348100.00 2381400.00 2414700.00 2448000.00 2481300.00 2514600.00 2547900.00 2581200.00 2614500.00 2647800.00 2681100.00 2714400.00 2747700.00 2781000.00 2814300.00 2847600.00 2880900.00 2914200.00 2947500.00 2980800.00 3014100.00 3047400.00 3080700.00 3114000.00 3147300.00 3180600.00 3213900.00 3247200.00 3280500.00 3313800.00 3347100.00 3380400.00 3413700.00 3447000.00 3480300.00 3513600.00 3546900.00 3580200.00 3613500.00 3646800.00 3680100.00 3713400.00 3746700.00 3780000.00 3813300.00 3846600.00 3879900.00 3913200.00 3946500.00 3979800.00 4013100.00 4046400.00 4079700.00 4113000.00 4146300.00 4179600.00 4212900.00 4246200.00 4279500.00 4312800.00 4346100.00 4379400.00 4412700.00 4446000.00 4479300.00 4512600.00 4545900.00 4579200.00 4612500.00 4645800.00 4679100.00 4712400.00 4745700.00 4779000.00 4812300.00 4845600.00 4878900.00 4912200.00 4945500.00 4978800.00 5012100.00 5045400.00 5078700.00 5112000.00 5145300.00 5178600.00 5211900.00 5245200.00 5278500.00 5311800.00 5345100.00 5378400.00 5411700.00 5445000.00 
2178000.00 2211900.00 2245800.00 2279700.00 2313600.00 2347500.00 2381400.00 2415300.00 2449200.00 2483100.00 2517000.00 2550900.00 2584800.00 2618700.00 2652600.00 2686500.00 2720400.00 2754300.00 2788200.00 2822100.00 2856000.00 2889900.00 2923800.00 2957700.00 2991600.00 3025500.00 3059400.00 3093300.00 3127200.00 3161100.00 3195000.00 3228900.00 3262800.00 3296700.00 3330600.00 3364500.00 3398400.00 3432300.00 3466200.00 3500100.00 3534000.00 3567900.00 3601800.00 3635700.00 3669600.00 3703500.00 3737400.00 3771300.00 3805200.00 3839100.00 3873000.00 3906900.00 3940800.00 3974700.00 4008600.00 4042500.00 4076400.00 4110300.00 4144200.00 4178100.00 4212000.00 4245900.00 4279800.00 4313700.00 4347600.00 4381500.00 4415400.00 4449300.00 4483200.00 4517100.00 4551000.00 4584900.00 4618800.00 4652700.00 4686600.00 4720500.00 4754400.00 4788300.00 4822200.00 4856100.00 4890000.00 4923900.00 4957800.00 4991700.00 5025600.00 5059500.00 5093400.00 5127300.00 5161200.00 5195100.00 5229000.00 5262900.00 5296800.00 5330700.00 5364600.00 5398500.00 5432400.00 5466300.00 5500200.00 5534100.00 
2207700.00 2242200.00 2276700.00 2311200.00 2345700.00 2380200.00 2414700.00 2449200.00 2483700.00 2518200.00 2552700.00 2587200.00 2621700.00 2656200.00 2690700.00 2725200.00 2759700.00 2794200.00 2828700.00 2863200.00 2897700.00 2932200.00 2966700.00 3001200.00 3035700.00 3070200.00 3104700.00 3139200.00 3173700.00 3208200.00 3242700.00 3277200.00 3311700.00 3346200.00 3380700.00 3415200.00 3449700.00 3484200.00 3518700.00 3553200.00 3587700.00 3622200.00 3656700.00 3691200.00 3725700.00 3760200.00 3794700.00 3829200.00 3863700.00 3898200.00 3932700.00 3967200.00 4001700.00 4036200.00 4070700.00 4105200.00 4139700.00 4174200.00 4208700.00 4243200.00 4277700.00 4312200.00 4346700.00 4381200.00 4415700.00 4450200.00 4484700.00 4519200.00 4553700.00 4588200.00 4622700.00 4657200.00 4691700.00 4726200.00 4760700.00 4795200.00 4829700.00 4864200.00 4898700.00 4933200.00 4967700.00 5002200.00 5036700.00 5071200.00 5105700.00 5140200.00 5174700.00 5209200.00 5243700.00 5278200.00 5312700.00 5347200.00 5381700.00 5416200.00 5450700.00 5485200.00 5519700.00 5554200.00 5588700.00 5623200.00 
2237400.00 2272500.00 2307600.00 2342700.00 2377800.00 2412900.00 2448000.00 2483100.00 2518200.00 2553300.00 2588400.00 2623500.00 2658600.00 2693700.00 2728800.00 2763900.00 2799000.00 2834100.00 2869200.00 2904300.00 2939400.00 2974500.00 3009600.00 3044700.00 3079800.00 3114900.00 3150000.00 3185100.00 3220200.00 3255300.00 3290400.00 3325500.00 3360600.00 3395700.00 3430800.00 3465900.00 3501000.00 3536100.00 3571200.00 3606300.00 3641400.00 3676500.00 3711600.00 3746700.00 3781800.00 3816900.00 3852000.00 3887100.00 3922200.00 3957300.00 3992400.00 4027500.00 4062600.00 4097700.00 4132800.00 4167900.00 4203000.00 4238100.00 4273200.00 4308300.00 4343400.00 4378500.00 4413600.00 4448700.00 4483800.00 4518900.00 4554000.00 4589100.00 4624200.00 4659300.00 4694400.00 4729500.00 4764600.00 4799700.00 4834800.00 4869900.00 4905000.00 4940100.00 4975200.00 5010300.00 5045400.00 5080500.00 5115600.00 5150700.00 5185800.00 5220900.00 5256000.00 5291100.00 5326200.00 5361300.00 5396400.00 5431500.00 5466600.00 5501700.00 5536800.00 5571900.00 5607000.00 5642100.00 5677200.00 5712300.00 
2267100.00 2302800.00 2338500.00 2374200.00 2409900.00 2445600.00 2481300.00 2517000.00 2552700.00 2588400.00 2624100.00 2659800.00 2695500.00 2731200.00 2766900.00 2802600.00 2838300.00 2874000.00 2909700.00 2945400.00 2981100.00 3016800.00 3052500.00 3088200.00 3123900.00 3159600.00 3195300.00 3231000.00 3266700.00 3302400.00 3338100.00 3373800.00 3409500.00 3445200.00 3480900.00 3516600.00 3552300.00 3588000.00 3623700.00 3659400.00 3695100.00 3730800.00 3766500.00 3802200.00 3837900.00 3873600.00 3909300.00 3945000.00 3980700.00 4016400.00 4052100.00 4087800.00 4123500.00 4159200.00 4194900.00 4230600.00 4266300.00 4302000.00 4337700.00 4373400.00 4409100.00 4444800.00 4480500.00 4516200.00 4551900.00 4587600.00 4623300.00 4659000.00 4694700.00 4730400.00 4766100.00 4801800.00 4837500.00 4873200.00 4908900.00 4944600.00 4980300.00 5016000.00 5051700.00 5087400.00 5123100.00 5158800.00 5194500.00 5230200.00 5265900.00 5301600.00 5337300.00 5373000.00 5408700.00 5444400.00 5480100.00 5515800.00 5551500.00 5587200.00 5622900.00 5658600.00 5694300.00 5730000.00 5765700.00 5801400.00 
2296800.00 2333100.00 2369400.00 2405700.00 2442000.00 2478300.00 2514600.00 2550900.00 2587200.00 2623500.00 2659800.00 2696100.00 2732400.00 2768700.00 2805000.00 2841300.00 2877600.00 2913900.00 2950200.00 2986500.00 3022800.00 3059100.00 3095400.00 3131700.00 3168000.00 3204300.00 3240600.00 3276900.00 3313200.00 3349500.00 3385800.00 3422100.00 3458400.00 3494700.00 3531000.00 3567300.00 3603600.00 3639900.00 3676200.00 3712500.00 3748800.00 3785100.00 3821400.00 3857700.00 3894000.00 3930300.00 3966600.00 4002900.00 4039200.00 4075500.00 4111800.00 4148100.00 4184400.00 4220700.00 4257000.00 4293300.00 4329600.00 4365900.00 4402200.00 4438500.00 4474800.00 4511100.00 4547400.00 4583700.00 4620000.00 4656300.00 4692600.00 4728900.00 4765200.00 4801500.00 4837800.00 4874100.00 4910400.00 4946700.00 4983000.00 5019300.00 5055600.00 5091900.00 5128200.00 5164500.00 5200800.00 5237100.00 5273400.00 5309700.00 5346000.00 5382300.00 5418600.00 5454900.00 5491200.00 5527500.00 5563800.00 5600100.00 5636400.00 5672700.00 5709000.00 5745300.00 5781600.00 5817900.00 5854200.00 5890500.00 
2326500.00 2363400.00 2400300.00 2437200.00 2474100.00 2511000.00 2547900.00 2584800.00 2621700.00 2658600.00 2695500.00 2732400.00 2769300.00 2806200.00 2843100.00 2880000.00 2916900.00 2953800.00 2990700.00 3027600.00 3064500.00 3101400.00 3138300.00 3175200.00 3212100.00 3249000.00 3285900.00 3322800.00 3359700.00 3396600.00 3433500.00 3470400.00 3507300.00 3544200.00 3581100.00 3618000.00 3654900.00 3691800.00 3728700.00 3765600.00 3802500.00 3839400.00 3876300.00 3913200.00 3950100.00 3987000.00 4023900.00 4060800.00 4097700.00 4134600.00 4171500.00 4208400.00 4245300.00 4282200.00 4319100.00 4356000.00 4392900.00 4429800.00 4466700.00 4503600.00 4540500.00 4577400.00 4614300.00 4651200.00 4688100.00 4725000.00 4761900.00 4798800.00 4835700.00 4872600.00 4909500.00 4946400.00 4983300.00 5020200.00 5057100.00 5094000.00 5130900.00 5167800.00 5204700.00 5241600.00 5278500.00 5315400.00 5352300.00 5389200.00 5426100.00 5463000.00 5499900.00 5536800.00 5573700.00 5610600.00 5647500.00 5684400.00 5721300.00 5758200.00 5795100.00 5832000.00 5868900.00 5905800.00 5942700.00 5979600.00 
2356200.00 2393700.00 2431200.00 2468700.00 2506200.00 2543700.00 2581200.00 2618700.00 2656200.00 2693700.00 2731200.00 2768700.00 2806200.00 2843700.00 2881200.00 2918700.00 2956200.00 2993700.00 3031200.00 3068700.00 3106200.00 3143700.00 3181200.00 3218700.00 3256200.00 3293700.00 3331200.00 3368700.00 3406200.00 3443700.00 3481200.00 3518700.00 3556200.00 3593700.00 3631200.00 3668700.00 3706200.00 3743700.00 3781200.00 3818700.00 3856200.00 3893700.00 3931200.00 3968700.00 4006200.00 4043700.00 4081200.00 4118700.00 4156200.00 4193700.00 4231200.00 4268700.00 4306200.00 4343700.00 4381200.00 4418700.00 4456200.00 4493700.00 4531200.00 4568700.00 4606200.00 4643700.00 4681200.00 4718700.00 4756200.00 4793700.00 4831200.00 4868700.00 4906200.00 4943700.00 4981200.00 5018700.00 5056200.00 5093700.00 5131200.00 5168700.00 5206200.00 5243700.00 5281200.00 5318700.00 5356200.00 5393700.00 5431200.00 5468700.00 5506200.00 5543700.00 5581200.00 5618700.00 5656200.00 5693700.00 5731200.00 5768700.00 5806200.00 5843700.00 5881200.00 5918700.00 5956200.00 5993700.00 6031200.00 6068700.00 
2385900.00 2424000.00 2462100.00 2500200.00 2538300.00 2576400.00 2614500.00 2652600.00 2690700.00 2728800.00 2766900.00 2805000.00 2843100.00 2881200.00 2919300.00 2957400.00 2995500.00 3033600.00 3071700.00 3109800.00 3147900.00 3186000.00 3224100.00 3262200.00 3300300.00 3338400.00 3376500.00 3414600.00 3452700.00 3490800.00 3528900.00 3567000.00 3605100.00 3643200.00 3681300.00 3719400.00 3757500.00 3795600.00 3833700.00 3871800.00 3909900.00 3948000.00 3986100.00 4024200.00 4062300.00 4100400.00 4138500.00 4176600.00 4214700.00 4252800.00 4290900.00 4329000.00 4367100.00 4405200.00 4443300.00 4481400.00 4519500.00 4557600.00 4595700.00 4633800.00 4671900.00 4710000.00 4748100.00 4786200.00 4824300.00 4862400.00 4900500.00 4938600.00 4976700.00 5014800.00 5052900.00 5091000.00 5129100.00 5167200.00 5205300.00 5243400.00 5281500.00 5319600.00 5357700.00 5395800.00 5433900.00 5472000.00 5510100.00 5548200.00 5586300.00 5624400.00 5662500.00 5700600.00 5738700.00 5776800.00 5814900.00 5853000.00 5891100.00 5929200.00 5967300.00 6005400.00 6043500.00 6081600.00 6119700.00 6157800.00 
2415600.00 2454300.00 2493000.00 2531700.00 2570400.00 2609100.00 2647800.00 2686500.00 2725200.00 2763900.00 2802600.00 2841300.00 2880000.00 2918700.00 2957400.00 2996100.00 3034800.00 3073500.00 3112200.00 3150900.00 3189600.00 3228300.00 3267000.00 3305700.00 3344400.00 3383100.00 3421800.00 3460500.00 3499200.00 3537900.00 3576600.00 3615300.00 3654000.00 3692700.00 3731400.00 3770100.00 3808800.00 3847500.00 3886200.00 3924900.00 3963600.00 4002300.00 4041000.00 4079700.00 4118400.00 4157100.00 4195800.00 4234500.00 4273200.00 4311900.00 4350600.00 4389300.00 4428000.00 4466700.00 4505400.00 4544100.00 4582800.00 4621500.00 4660200.00 4698900.00 4737600.00 4776300.00 4815000.00 4853700.00 4892400.00 4931100.00 4969800.00 5008500.00 5047200.00 5085900.00 5124600.00 5163300.00 5202000.00 5240700.00 5279400.00 5318100.00 5356800.00 5395500.00 5434200.00 5472900.00 5511600.00 5550300.00 5589000.00 5627700.00 5666400.00 5705100.00 5743800.00 5782500.00 5821200.00 5859900.00 5898600.00 5937300.00 5976000.00 6014700.00 6053400.00 6092100.00 6130800.00 6169500.00 6208200.00 6246900.00 
2445300.00 2484600.00 2523900.00 2563200.00 2602500.00 2641800.00 2681100.00 2720400.00 2759700.00 2799000.00 2838300.00 2877600.00 2916900.00 2956200.00 2995500.00 3034800.00 3074100.00 3113400.00 3152700.00 3192000.00 3231300.00 3270600.00 3309900.00 3349200.00 3388500.00 3427800.00 3467100.00 3506400.00 3545700.00 3585000.00 3624300.00 3663600.00 3702900.00 3742200.00 3781500.00 3820800.00 3860100.00 3899400.00 3938700.00 3978000.00 4017300.00 4056600.00 4095900.00 4135200.00 4174500.00 4213800.00 4253100.00 4292400.00 4331700.00 4371000.00 4410300.00 4449600.00 4488900.00 4528200.00 4567500.00 4606800.00 4646100.00 4685400.00 4724700.00 4764000.00 4803300.00 4842600.00 4881900.00 4921200.00 4960500.00 4999800.00 5039100.00 5078400.00 5117700.00 5157000.00 5196300.00 5235600.00 5274900.00 5314200.00 5353500.00 5392800.00 5432100.00 5471400.00 5510700.00 5550000.00 5589300.00 5628600.00 5667900.00 5707200.00 5746500.00 5785800.00 5825100.00 5864400.00 5903700.00 5943000.00 5982300.00 6021600.00 6060900.00 6100200.00 6139500.00 6178800.00 6218100.00 6257400.00 6296700.00 6336000.00 
2475000.00 2514900.00 2554800.00 2594700.00 2634600.00 2674500.00 2714400.00 2754300.00 2794200.00 2834100.00 2874000.00 2913900.00 2953800.00 2993700.00 3033600.00 3073500.00 3113400.00 3153300.00 3193200.00 3233100.00 3273000.00 3312900.00 3352800.00 3392700.00 3432600.00 3472500.00 3512400.00 3552300.00 3592200.00 3632100.00 3672000.00 3711900.00 3751800.00 3791700.00 3831600.00 3871500.00 3911400.00 3951300.00 3991200.00 4031100.00 4071000.00 4110900.00 4150800.00 4190700.00 4230600.00 4270500.00 4310400.00 4350300.00 4390200.00 4430100.00 4470000.00 4509900.00 4549800.00 4589700.00 4629600.00 4669500.00 4709400.00 4749300.00 4789200.00 4829100.00 4869000.00 4908900.00 4948800.00 4988700.00 5028600.00 5068500.00 5108400.00 5148300.00 5188200.00 5228100.00 5268000.00 5307900.00 5347800.00 5387700.00 5427600.00 5467500.00 5507400.00 5547300.00 5587200.00 5627100.00 5667000.00 5706900.00 5746800.00 5786700.00 5826600.00 5866500.00 5906400.00 5946300.00 5986200.00 6026100.00 6066000.00 6105900.00 6145800.00 6185700.00 6225600.00 6265500.00 6305400.00 6345300.00 6385200.00 6425100.00 
2504700.00 2545200.00 2585700.00 2626200.00 2666700.00 2707200.00 2747700.00 2788200.00 2828700.00 2869200.00 2909700.00 2950200.00 2990700.00 3031200.00 3071700.00 3112200.00 3152700.00 3193200.00 3233700.00 3274200.00 3314700.00 3355200.00 3395700.00 3436200.00 3476700.00 3517200.00 3557700.00 3598200.00 3638700.00 3679200.00 3719700.00 3760200.00 3800700.00 3841200.00 3881700.00 3922200.00 3962700.00 4003200.00 4043700.00 4084200.00 4124700.00 4165200.00 4205700.00 4246200.00 4286700.00 4327200.00 4367700.00 4408200.00 4448700.00 4489200.00 4529700.00 4570200.00 4610700.00 4651200.00 4691700.00 4732200.00 4772700.00 4813200.00 4853700.00 4894200.00 4934700.00 4975200.00 5015700.00 5056200.00 5096700.00 5137200.00 5177700.00 5218200.00 5258700.00 5299200.00 5339700.00 5380200.00 5420700.00 5461200.00 5501700.00 5542200.00 5582700.00 5623200.00 5663700.00 5704200.00 5744700.00 5785200.00 5825700.00 5866200.00 5906700.00 5947200.00 5987700.00 6028200.00 6068700.00 6109200.00 6149700.00 6190200.00 6230700.00 6271200.00 6311700.00 6352200.00 6392700.00 6433200.00 6473700.00 6514200.00 
2534400.00 2575500.00 2616600.00 2657700.00 2698800.00 2739900.00 2781000.00 2822100.00 2863200.00 2904300.00 2945400.00 2986500.00 3027600.00 3068700.00 3109800.00 3150900.00 3192000.00 3233100.00 3274200.00 3315300.00 3356400.00 3397500.00 3438600.00 3479700.00 3520800.00 3561900.00 3603000.00 3644100.00 3685200.00 3726300.00 3767400.00 3808500.00 3849600.00 3890700.00 3931800.00 3972900.00 4014000.00 4055100.00 4096200.00 4137300.00 4178400.00 4219500.00 4260600.00 4301700.00 4342800.00 4383900.00 4425000.00 4466100.00 4507200.00 4548300.00 4589400.00 4630500.00 4671600.00 4712700.00 4753800.00 4794900.00 4836000.00 4877100.00 4918200.00 4959300.00 5000400.00 5041500.00 5082600.00 5123700.00 5164800.00 5205900.00 5247000.00 5288100.00 5329200.00 5370300.00 5411400.00 5452500.00 5493600.00 5534700.00 5575800.00 5616900.00 5658000.00 5699100.00 5740200.00 5781300.00 5822400.00 5863500.00 5904600.00 5945700.00 5986800.00 6027900.00 6069000.00 6110100.00 6151200.00 6192300.00 6233400.00 6274500.00 6315600.00 6356700.00 6397800.00 6438900.00 6480000.00 6521100.00 6562200.00 6603300.00 
2564100.00 2605800.00 2647500.00 2689200.00 2730900.00 2772600.00 2814300.00 2856000.00 2897700.00 2939400.00 2981100.00 3022800.00 3064500.00 3106200.00 3147900.00 3189600.00 3231300.00 3273000.00 3314700.00 3356400.00 3398100.00 3439800.00 3481500.00 3523200.00 3564900.00 3606600.00 3648300.00 3690000.00 3731700.00 3773400.00 3815100.00 3856800.00 3898500.00 3940200.00 3981900.00 4023600.00 4065300.00 4107000.00 4148700.00 4190400.00 4232100.00 4273800.00 4315500.00 4357200.00 4398900.00 4440600.00 4482300.00 4524000.00 4565700.00 4607400.00 4649100.00 4690800.00 4732500.00 4774200.00 4815900.00 4857600.00 4899300.00 4941000.00 4982700.00 5024400.00 5066100.00 5107800.00 5149500.00 5191200.00 5232900.00 5274600.00 5316300.00 5358000.00 5399700.00 5441400.00 5483100.00 5524800.00 5566500.00 5608200.00 5649900.00 5691600.00 5733300.00 5775000.00 5816700.00 5858400.00 5900100.00 5941800.00 5983500.00 6025200.00 6066900.00 6108600.00 6150300.00 6192000.00 6233700.00 6275400.00 6317100.00 6358800.00 6400500.00 6442200.00 6483900.00 6525600.00 6567300.00 6609000.00 6650700.00 6692400.00 
2593800.00 2636100.00 2678400.00 2720700.00 2763000.00 2805300.00 2847600.00 2889900.00 2932200.00 2974500.00 3016800.00 3059100.00 3101400.00 3143700.00 3186000.00 3228300.00 3270600.00 3312900.00 3355200.00 3397500.00 3439800.00 3482100.00 3524400.00 3566700.00 3609000.00 3651300.00 3693600.00 3735900.00 3778200.00 3820500.00 3862800.00 3905100.00 3947400.00 3989700.00 4032000.00 4074300.00 4116600.00 4158900.00 4201200.00 4243500.00 4285800.00 4328100.00 4370400.00 4412700.00 4455000.00 4497300.00 4539600.00 4581900.00 4624200.00 4666500.00 4708800.00 4751100.00 4793400.00 4835700.00 4878000.00 4920300.00 4962600.00 5004900.00 5047200.00 5089500.00 5131800.00 5174100.00 5216400.00 5258700.00 5301000.00 5343300.00 5385600.00 5427900.00 5470200.00 5512500.00 5554800.00 5597100.00 5639400.00 5681700.00 5724000.00 5766300.00 5808600.00 5850900.00 5893200.00 5935500.00 5977800.00 6020100.00 6062400.00 6104700.00 6147000.00 6189300.00 6231600.00 6273900.00 6316200.00 6358500.00 6400800.00 6443100.00 6485400.00 6527700.00 6570000.00 6612300.00 6654600.00 6696900.00 6739200.00 6781500.00 
2623500.00 2666400.00 2709300.00 2752200.00 2795100.00 2838000.00 2880900.00 2923800.00 2966700.00 3009600.00 3052500.00 3095400.00 3138300.00 3181200.00 3224100.00 3267000.00 3309900.00 3352800.00 3395700.00 3438600.00 3481500.00 3524400.00 3567300.00 3610200.00 3653100.00 3696000.00 3738900.00 3781800.00 3824700.00 3867600.00 3910500.00 3953400.00 3996300.00 4039200.00 4082100.00 4125000.00 4167900.00 4210800.00 4253700.00 4296600.00 4339500.00 4382400.00 4425300.00 4468200.00 4511100.00 4554000.00 4596900.00 4639800.00 4682700.00 4725600.00 4768500.00 4811400.00 4854300.00 4897200.00 4940100.00 4983000.00 5025900.00 5068800.00 5111700.00 5154600.00 5197500.00 5240400.00 5283300.00 5326200.00 5369100.00 5412000.00 5454900.00 5497800.00 5540700.00 5583600.00 5626500.00 5669400.00 5712300.00 5755200.00 5798100.00 5841000.00 5883900.00 5926800.00 5969700.00 6012600.00 6055500.00 6098400.00 6141300.00 6184200.00 6227100.00 6270000.00 6312900.00 6355800.00 6398700.00 6441600.00 6484500.00 6527400.00 6570300.00 6613200.00 6656100.00 6699000.00 6741900.00 6784800.00 6827700.00 6870600.00 
2653200.00 2696700.00 2740200.00 2783700.00 2827200.00 2870700.00 2914200.00 2957700.00 3001200.00 3044700.00 3088200.00 3131700.00 3175200.00 3218700.00 3262200.00 3305700.00 3349200.00 3392700.00 3436200.00 3479700.00 3523200.00 3566700.00 3610200.00 3653700.00 3697200.00 3740700.00 3784200.00 3827700.00 3871200.00 3914700.00 3958200.00 4001700.00 4045200.00 4088700.00 4132200.00 4175700.00 4219200.00 4262700.00 4306200.00 4349700.00 4393200.00 4436700.00 4480200.00 4523700.00 4567200.00 4610700.00 4654200.00 4697700.00 4741200.00 4784700.00 4828200.00 4871700.00 4915200.00 4958700.00 5002200.00 5045700.00 5089200.00 5132700.00 5176200.00 5219700.00 5263200.00 5306700.00 5350200.00 5393700.00 5437200.00 5480700.00 5524200.00 5567700.00 5611200.00 5654700.00 5698200.00 5741700.00 5785200.00 5828700.00 5872200.00 5915700.00 5959200.00 6002700.00 6046200.00 6089700.00 6133200.00 6176700.00 6220200.00 6263700.00 6307200.00 6350700.00 6394200.00 6437700.00 6481200.00 6524700.00 6568200.00 6611700.00 6655200.00 6698700.00 6742200.00 6785700.00 6829200.00 6872700.00 6916200.00 6959700.00 
2682900.00 2727000.00 2771100.00 2815200.00 2859300.00 2903400.00 2947500.00 2991600.00 3035700.00 3079800.00 3123900.00 3168000.00 3212100.00 3256200.00 3300300.00 3344400.00 3388500.00 3432600.00 3476700.00 3520800.00 3564900.00 3609000.00 3653100.00 3697200.00 3741300.00 3785400.00 3829500.00 3873600.00 3917700.00 3961800.00 4005900.00 4050000.00 4094100.00 4138200.00 4182300.00 4226400.00 4270500.00 4314600.00 4358700.00 4402800.00 4446900.00 4491000.00 4535100.00 4579200.00 4623300.00 4667400.00 4711500.00 4755600.00 4799700.00 4843800.00 4887900.00 4932000.00 4976100.00 5020200.00 5064300.00 5108400.00 5152500.00 5196600.00 5240700.00 5284800.00 5328900.00 5373000.00 5417100.00 5461200.00 5505300.00 5549400.00 5593500.00 5637600.00 5681700.00 5725800.00 5769900.00 5814000.00 5858100.00 5902200.00 5946300.00 5990400.00 6034500.00 6078600.00 6122700.00 6166800.00 6210900.00 6255000.00 6299100.00 6343200.00 6387300.00 6431400.00 6475500.00 6519600.00 6563700.00 6607800.00 6651900.00 6696000.00 6740100.00 6784200.00 6828300.00 6872400.00 6916500.00 6960600.00 7004700.00 7048800.00 
2712600.00 2757300.00 2802000.00 2846700.00 2891400.00 2936100.00 2980800.00 3025500.00 3070200.00 3114900.00 3159600.00 3204300.00 3249000.00 3293700.00 3338400.00 3383100.00 3427800.00 3472500.00 3517200.00 3561900.00 3606600.00 3651300.00 3696000.00 3740700.00 3785400.00 3830100.00 3874800.00 3919500.00 3964200.00 4008900.00 4053600.00 4098300.00 4143000.00 4187700.00 4232400.00 4277100.00 4321800.00 4366500.00 4411200.00 4455900.00 4500600.00 4545300.00 4590000.00 4634700.00 4679400.00 4724100.00 4768800.00 4813500.00 4858200.00 4902900.00 4947600.00 4992300.00 5037000.00 5081700.00 5126400.00 5171100.00 5215800.00 5260500.00 5305200.00 5349900.00 5394600.00 5439300.00 5484000.00 5528700.00 5573400.00 5618100.00 5662800.00 5707500.00 5752200.00 5796900.00 5841600.00 5886300.00 5931000.00 5975700.00 6020400.00 6065100.00 6109800.00 6154500.00 6199200.00 6243900.00 6288600.00 6333300.00 6378000.00 6422700.00 6467400.00 6512100.00 6556800.00 6601500.00 6646200.00 6690900.00 6735600.00 6780300.00 6825000.00 6869700.00 6914400.00 6959100.00 7003800.00 7048500.00 7093200.00 7137900.00 
2742300.00 2787600.00 2832900.00 2878200.00 2923500.00 2968800.00 3014100.00 3059400.00 3104700.00 3150000.00 3195300.00 3240600.00 3285900.00 3331200.00 3376500.00 3421800.00 3467100.00 3512400.00 3557700.00 3603000.00 3648300.00 3693600.00 3738900.00 3784200.00 3829500.00 3874800.00 3920100.00 3965400.00 4010700.00 4056000.00 4101300.00 4146600.00 4191900.00 4237200.00 4282500.00 4327800.00 4373100.00 4418400.00 4463700.00 4509000.00 4554300.00 4599600.00 4644900.00 4690200.00 4735500.00 4780800.00 4826100.00 4871400.00 4916700.00 4962000.00 5007300.00 5052600.00 5097900.00 5143200.00 5188500.00 5233800.00 5279100.00 5324400.00 5369700.00 5415000.00 5460300.00 5505600.00 5550900.00 5596200.00 5641500.00 5686800.00 5732100.00 5777400.00 5822700.00 5868000.00 5913300.00 5958600.00 6003900.00 6049200.00 6094500.00 6139800.00 6185100.00 6230400.00 6275700.00 6321000.00 6366300.00 6411600.00 6456900.00 6502200.00 6547500.00 6592800.00 6638100.00 6683400.00 6728700.00 6774000.00 6819300.00 6864600.00 6909900.00 6955200.00 7000500.00 7045800.00 7091100.00 7136400.00 7181700.00 7227000.00 
2772000.00 2817900.00 2863800.00 2909700.00 2955600.00 3001500.00 3047400.00 3093300.00 3139200.00 3185100.00 3231000.00 3276900.00 3322800.00 3368700.00 3414600.00 3460500.00 3506400.00 3552300.00 3598200.00 3644100.00 3690000.00 3735900.00 3781800.00 3827700.00 3873600.00 3919500.00 3965400.00 4011300.00 4057200.00 4103100.00 4149000.00 4194900.00 4240800.00 4286700.00 4332600.00 4378500.00 4424400.00 4470300.00 4516200.00 4562100.00 4608000.00 4653900.00 4699800.00 4745700.00 4791600.00 4837500.00 4883400.00 4929300.00 4975200.00 5021100.00 5067000.00 5112900.00 5158800.00 5204700.00 5250600.00 5296500.00 5342400.00 5388300.00 5434200.00 5480100.00 5526000.00 5571900.00 5617800.00 5663700.00 5709600.00 5755500.00 5801400.00 5847300.00 5893200.00 5939100.00 5985000.00 6030900.00 6076800.00 6122700.00 6168600.00 6214500.00 6260400.00 6306300.00 6352200.00 6398100.00 6444000.00 6489900.00 6535800.00 6581700.00 6627600.00 6673500.00 6719400.00 6765300.00 6811200.00 6857100.00 6903000.00 6948900.00 6994800.00 7040700.00 7086600.00 7132500.00 7178400.00 7224300.00 7270200.00 7316100.00 
2801700.00 2848200.00 2894700.00 2941200.00 2987700.00 3034200.00 3080700.00 3127200.00 3173700.00 3220200.00 3266700.00 3313200.00 3359700.00 3406200.00 3452700.00 3499200.00 3545700.00 3592200.00 3638700.00 3685200.00 3731700.00 3778200.00 3824700.00 3871200.00 3917700.00 3964200.00 4010700.00 4057200.00 4103700.00 4150200.00 4196700.00 4243200.00 4289700.00 4336200.00 4382700.00 4429200.00 4475700.00 4522200.00 4568700.00 4615200.00 4661700.00 4708200.00 4754700.00 4801200.00 4847700.00 4894200.00 4940700.00 4987200.00 5033700.00 5080200.00 5126700.00 5173200.00 5219700.00 5266200.00 5312700.00 5359200.00 5405700.00 5452200.00 5498700.00 5545200.00 5591700.00 5638200.00 5684700.00 5731200.00 5777700.00 5824200.00 5870700.00 5917200.00 5963700.00 6010200.00 6056700.00 6103200.00 6149700.00 6196200.00 6242700.00 6289200.00 6335700.00 6382200.00 6428700.00 6475200.00 6521700.00 6568200.00 6614700.00 6661200.00 6707700.00 6754200.00 6800700.00 6847200.00 6893700.00 6940200.00 6986700.00 7033200.00 7079700.00 7126200.00 7172700.00 7219200.00 7265700.00 7312200.00 7358700.00 7405200.00 
2831400.00 2878500.00 2925600.00 2972700.00 3019800.00 3066900.00 3114000.00 3161100.00 3208200.00 3255300.00 3302400.00 3349500.00 3396600.00 3443700.00 3490800.00 3537900.00 3585000.00 3632100.00 3679200.00 3726300.00 3773400.00 3820500.00 3867600.00 3914700.00 3961800.00 4008900.00 4056000.00 4103100.00 4150200.00 4197300.00 4244400.00 4291500.00 4338600.00 4385700.00 4432800.00 4479900.00 4527000.00 4574100.00 4621200.00 4668300.00 4715400.00 4762500.00 4809600.00 4856700.00 4903800.00 4950900.00 4998000.00 5045100.00 5092200.00 5139300.00 5186400.00 5233500.00 5280600.00 5327700.00 5374800.00 5421900.00 5469000.00 5516100.00 5563200.00 5610300.00 5657400.00 5704500.00 5751600.00 5798700.00 5845800.00 5892900.00 5940000.00 5987100.00 6034200.00 6081300.00 6128400.00 6175500.00 6222600.00 6269700.00 6316800.00 6363900.00 6411000.00 6458100.00 6505200.00 6552300.00 6599400.00 6646500.00 6693600.00 6740700.00 6787800.00 6834900.00 6882000.00 6929100.00 6976200.00 7023300.00 7070400.00 7117500.00 7164600.00 7211700.00 7258800.00 7305900.00 7353000.00 7400100.00 7447200.00 7494300.00 
2861100.00 2908800.00 2956500.00 3004200.00 3051900.00 3099600.00 3147300.00 3195000.00 3242700.00 3290400.00 3338100.00 3385800.00 3433500.00 3481200.00 3528900.00 3576600.00 3624300.00 3672000.00 3719700.00 3767400.00 3815100.00 3862800.00 3910500.00 3958200.00 4005900.00 4053600.00 4101300.00 4149000.00 4196700.00 4244400.00 4292100.00 4339800.00 4387500.00 4435200.00 4482900.00 4530600.00 4578300.00 4626000.00 4673700.00 4721400.00 4769100.00 4816800.00 4864500.00 4912200.00 4959900.00 5007600.00 5055300.00 5103000.00 5150700.00 5198400.00 5246100.00 5293800.00 5341500.00 5389200.00 5436900.00 5484600.00 5532300.00 5580000.00 5627700.00 5675400.00 5723100.00 5770800.00 5818500.00 5866200.00 5913900.00 5961600.00 6009300.00 6057000.00 6104700.00 6152400.00 6200100.00 6247800.00 6295500.00 6343200.00 6390900.00 6438600.00 6486300.00 6534000.00 6581700.00 6629400.00 6677100.00 6724800.00 6772500.00 6820200.00 6867900.00 6915600.00 6963300.00 7011000.00 7058700.00 7106400.00 7154100.00 7201800.00 7249500.00 7297200.00 7344900.00 7392600.00 7440300.00 7488000.00 7535700.00 7583400.00 
2890800.00 2939100.00 2987400.00 3035700.00 3084000.00 3132300.00 3180600.00 3228900.00 3277200.00 3325500.00 3373800.00 3422100.00 3470400.00 3518700.00 3567000.00 3615300.00 3663600.00 3711900.00 3760200.00 3808500.00 3856800.00 3905100.00 3953400.00 4001700.00 4050000.00 4098300.00 4146600.00 4194900.00 4243200.00 4291500.00 4339800.00 4388100.00 4436400.00 4484700.00 4533000.00 4581300.00 4629600.00 4677900.00 4726200.00 4774500.00 4822800.00 4871100.00 4919400.00 4967700.00 5016000.00 5064300.00 5112600.00 5160900.00 5209200.00 5257500.00 5305800.00 5354100.00 5402400.00 5450700.00 5499000.00 5547300.00 5595600.00 5643900.00 5692200.00 5740500.00 5788800.00 5837100.00 5885400.00 5933700.00 5982000.00 6030300.00 6078600.00 6126900.00 6175200.00 6223500.00 6271800.00 6320100.00 6368400.00 6416700.00 6465000.00 6513300.00 6561600.00 6609900.00 6658200.00 6706500.00 6754800.00 6803100.00 6851400.00 6899700.00 6948000.00 6996300.00 7044600.00 7092900.00 7141200.00 7189500.00 7237800.00 7286100.00 7334400.00 7382700.00 7431000.00 7479300.00 7527600.00 7575900.00 7624200.00 7672500.00 
2920500.00 2969400.00 3018300.00 3067200.00 3116100.00 3165000.00 3213900.00 3262800.00 3311700.00 3360600.00 3409500.00 3458400.00 3507300.00 3556200.00 3605100.00 3654000.00 3702900.00 3751800.00 3800700.00 3849600.00 3898500.00 3947400.00 3996300.00 4045200.00 4094100.00 4143000.00 4191900.00 4240800.00 4289700.00 4338600.00 4387500.00 4436400.00 4485300.00 4534200.00 4583100.00 4632000.00 4680900.00 4729800.00 4778700.00 4827600.00 4876500.00 4925400.00 4974300.00 5023200.00 5072100.00 5121000.00 5169900.00 5218800.00 5267700.00 5316600.00 5365500.00 5414400.00 5463300.00 5512200.00 5561100.00 5610000.00 5658900.00 5707800.00 5756700.00 5805600.00 5854500.00 5903400.00 5952300.00 6001200.00 6050100.00 6099000.00 6147900.00 6196800.00 6245700.00 6294600.00 6343500.00 6392400.00 6441300.00 6490200.00 6539100.00 6588000.00 6636900.00 6685800.00 6734700.00 6783600.00 6832500.00 6881400.00 6930300.00 6979200.00 7028100.00 7077000.00 7125900.00 7174800.00 7223700.00 7272600.00 7321500.00 7370400.00 7419300.00 7468200.00 7517100.00 7566000.00 7614900.00 7663800.00 7712700.00 7761600.00 
2950200.00 2999700.00 3049200.00 3098700.00 3148200.00 3197700.00 3247200.00 3296700.00 3346200.00 3395700.00 3445200.00 3494700.00 3544200.00 3593700.00 3643200.00 3692700.00 3742200.00 3791700.00 3841200.00 3890700.00 3940200.00 3989700.00 4039200.00 4088700.00 4138200.00 4187700.00 4237200.00 4286700.00 4336200.00 4385700.00 4435200.00 4484700.00 4534200.00 4583700.00 4633200.00 4682700.00 4732200.00 4781700.00 4831200.00 4880700.00 4930200.00 4979700.00 5029200.00 5078700.00 5128200.00 5177700.00 5227200.00 5276700.00 5326200.00 5375700.00 5425200.00 5474700.00 5524200.00 5573700.00 5623200.00 5672700.00 5722200.00 5771700.00 5821200.00 5870700.00 5920200.00 5969700.00 6019200.00 6068700.00 6118200.00 6167700.00 6217200.00 6266700.00 6316200.00 6365700.00 6415200.00 6464700.00 6514200.00 6563700.00 6613200.00 6662700.00 6712200.00 6761700.00 6811200.00 6860700.00 6910200.00 6959700.00 7009200.00 7058700.00 7108200.00 7157700.00 7207200.00 7256700.00 7306200.00 7355700.00 7405200.00 7454700.00 7504200.00 7553700.00 7603200.00 7652700.00 7702200.00 7751700.00 7801200.00 7850700.00 
2979900.00 3030000.00 3080100.00 3130200.00 3180300.00 3230400.00 3280500.00 3330600.00 3380700.00 3430800.00 3480900.00 3531000.00 3581100.00 3631200.00 3681300.00 3731400.00 3781500.00 3831600.00 3881700.00 3931800.00 3981900.00 4032000.00 4082100.00 4132200.00 4182300.00 4232400.00 4282500.00 4332600.00 4382700.00 4432800.00 4482900.00 4533000.00 4583100.00 4633200.00 4683300.00 4733400.00 4783500.00 4833600.00 4883700.00 4933800.00 4983900.00 5034000.00 5084100.00 5134200.00 5184300.00 5234400.00 5284500.00 5334600.00 5384700.00 5434800.00 5484900.00 5535000.00 5585100.00 5635200.00 5685300.00 5735400.00 5785500.00 5835600.00 5885700.00 5935800.00 5985900.00 6036000.00 6086100.00 6136200.00 6186300.00 6236400.00 6286500.00 6336600.00 6386700.00 6436800.00 6486900.00 6537000.00 6587100.00 6637200.00 6687300.00 6737400.00 6787500.00 6837600.00 6887700.00 6937800.00 6987900.00 7038000.00 7088100.00 7138200.00 7188300.00 7238400.00 7288500.00 7338600.00 7388700.00 7438800.00 7488900.00 7539000.00 7589100.00 7639200.00 7689300.00 7739400.00 7789500.00 7839600.00 7889700.00 7939800.00 
3009600.00 3060300.00 3111000.00 3161700.00 3212400.00 3263100.00 3313800.00 3364500.00 3415200.00 3465900.00 3516600.00 3567300.00 3618000.00 3668700.00 3719400.00 3770100.00 3820800.00 3871500.00 3922200.00 3972900.00 4023600.00 4074300.00 4125000.00 4175700.00 4226400.00 4277100.00 4327800.00 4378500.00 4429200.00 4479900.00 4530600.00 4581300.00 4632000.00 4682700.00 4733400.00 4784100.00 4834800.00 4885500.00 4936200.00 4986900.00 5037600.00 5088300.00 5139000.00 5189700.00 5240400.00 5291100.00 5341800.00 5392500.00 5443200.00 5493900.00 5544600.00 5595300.00 5646000.00 5696700.00 5747400.00 5798100.00 5848800.00 5899500.00 5950200.00 6000900.00 6051600.00 6102300.00 6153000.00 6203700.00 6254400.00 6305100.00 6355800.00 6406500.00 6457200.00 6507900.00 6558600.00 6609300.00 6660000.00 6710700.00 6761400.00 6812100.00 6862800.00 6913500.00 6964200.00 7014900.00 7065600.00 7116300.00 7167000.00 7217700.00 7268400.00 7319100.00 7369800.00 7420500.00 7471200.00 7521900.00 7572600.00 7623300.00 7674000.00 7724700.00 7775400.00 7826100.00 7876800.00 7927500.00 7978200.00 8028900.00 
